l
0 0 0 100 100 0
l
100 100 0 200 0 0
l
200 0 0 300 100 0
l
300 100 0 400 0 0
l
400 0 0 500 100 0
l
500 100 0 400 200 0
l
400 200 0 300 100 0
l
300 100 0 200 200 0
l
200 200 0 100 100 0
l
100 100 0 0 200 0
l
0 200 0 100 300 0
l
100 300 0 200 200 0
l
200 200 0 300 300 0
l
300 300 0 400 200 0
l
400 200 0 500 300 0
l
500 300 0 400 400 0
l
400 400 0 300 300 0
l
300 300 0 200 400 0
l
200 400 0 100 300 0
l
100 300 0 0 400 0
l
0 400 0 100 500 0
l
100 500 0 200 400 0
l
200 400 0 300 500 0
l
300 500 0 400 400 0
l
400 400 0 500 500 0
l
0 500 0 500 0 0
l
0 300 0 300 0 0
l
200 500 0 500 200 0
l
0 100 0 400 500 0
l
100 0 0 500 400 0
l
0 300 0 200 500 0
l
0 100 0 100 0 0
l
400 500 0 500 400 0
l
300 0 0 500 200 0
l
0 0 0 0 500 0
l
0 500 0 500 500 0
l
500 500 0 500 0 0
l
500 0 0 0 0 0
g
pic.png
v
i
s
1.5 1.5 1.5
a
v
t
100 100 0
a
v
i
z
20
x
20
y
-20
a
v
i
y
-20
a
v
g
pic1.png